0.0344131 -0.0131439 0.0307449 -0.0178856 0.00527941 -0.0151782 -0.00195025 0.0333284 0.0220438 0.0145212 0.0263237 -0.0090653 0.00264682 -0.0128235 
-0.0131439 0.0192279 -7.27823e-05 0.0326351 -0.00066243 0.0169734 0.00137575 -0.0176902 -0.0119307 -0.0110007 -0.011892 0.0141163 0.000918893 0.018301 
0.0307449 -7.27823e-05 0.0653227 0.0111407 0.00503385 0.000684445 0.00358668 0.0420488 0.00470317 0.0127575 0.021843 0.0117613 0.00359484 0.011391 
-0.0178856 0.0326351 0.0111407 0.0701796 -0.000297001 0.0301108 -0.00220897 -0.0159958 -0.0294647 -0.0327548 -0.0186859 0.0269109 0.00283043 0.0349279 
0.00527941 -0.00066243 0.00503385 -0.000297001 0.018806 0.00678474 0.00389382 -0.0135368 0.0109963 0.0130025 0.00628145 0.00408948 -0.000593361 0.00426563 
-0.0151782 0.0169734 0.000684445 0.0301108 0.00678474 0.0725995 0.0204387 -0.0666433 -0.00249066 -0.00121074 -0.0238257 0.0247274 0.00501139 0.0366079 
-0.00195025 0.00137575 0.00358668 -0.00220897 0.00389382 0.0204387 0.0359105 -0.0806727 0.00714776 0.0208373 -0.00882585 0.0157031 0.00326365 0.0189196 
0.0333284 -0.0176902 0.0420488 -0.0159958 -0.0135368 -0.0666433 -0.0806727 0.45596 -0.0234838 -0.0578186 0.0339601 -0.0588086 -0.00227074 -0.0757838 
0.0220438 -0.0119307 0.00470317 -0.0294647 0.0109963 -0.00249066 0.00714776 -0.0234838 0.0776265 0.0421519 0.0229358 -0.00553558 0.0014012 -0.0103135 
0.0145212 -0.0110007 0.0127575 -0.0327548 0.0130025 -0.00121074 0.0208373 -0.0578186 0.0421519 0.113706 0.0187631 0.00829443 -0.00348935 0.00449575 
0.0263237 -0.011892 0.021843 -0.0186859 0.00628145 -0.0238257 -0.00882585 0.0339601 0.0229358 0.0187631 0.0484803 -0.00581896 -0.00189295 -0.0131297 
-0.0090653 0.0141163 0.0117613 0.0269109 0.00408948 0.0247274 0.0157031 -0.0588086 -0.00553558 0.00829443 -0.00581896 0.0288419 0.00104236 0.032523 
0.00264682 0.000918893 0.00359484 0.00283043 -0.000593361 0.00501139 0.00326365 -0.00227074 0.0014012 -0.00348935 -0.00189295 0.00104236 0.00491536 0.00203211 
-0.0128235 0.018301 0.011391 0.0349279 0.00426563 0.0366079 0.0189196 -0.0757838 -0.0103135 0.00449575 -0.0131297 0.032523 0.00203211 0.046664 
